227 28 
166 170 
243 170 
164 168 
239 166 
182 166 
172 168 
186 186 
186 224 
164 166 
166 170 
185 267 
172 216 
178 172 
332 275 
164 172 
245 159 
215 169 
172 178 
881 176 
164 176 
166 881 
178 241 
168 209 
210 176 
168 172 
172 174 
170 168 
276 211 
263 213 
168 166 
274 203 
172 207 
178 180 
184 182 
184 180 
312 172 
164 200 
168 204 
182 190 
168 198 
168 249 
204 200 
180 189 
175 198 
192 168 
787 190 
174 212 
189 201 
166 168 
166 190 
168 864 
317 166 
202 198 
162 182 
174 207 
162 172 
291 162 
176 239 
162 162 
450 298 
164 168 
238 166 
249 199 
164 164 
164 183 
184 228 
257 168 
200 162 
202 166 
164 162 
166 162 
200 175 
210 164 
201 172 
465 184 
178 202 
206 200 
166 182 
168 230 
174 164 
201 308 
189 166 
162 176 
173 176 
168 168 
162 202 
198 168 
166 166 
187 227 
192 166 
166 178 
172 164 
202 166 
208 174 
164 168 
166 168 
198 169 
215 166 
203 166 
230 164 
169 219 
168 166 
245 174 
184 168 
172 184 
289 168 
184 164 
174 183 
170 168 
176 196 
170 199 
182 166 
185 192 
175 166 
184 168 
280 172 
166 174 
168 351 
166 166 
168 178 
186 172 
162 164 
832 201 
180 178 
176 166 
164 166 
193 162 
174 168 
178 164 
176 166 
168 166 
862 162 
166 166 
173 164 
199 166 
172 176 
181 170 
164 197 
182 284 
164 163 
188 168 
202 172 
190 166 
198 200 
469 176 
168 164 
164 171 
170 174 
164 166 
166 166 
162 166 
180 166 
203 168 
211 203 
203 168 
181 166 
164 195 
228 235 
269 166 
182 880 
168 172 
201 176 
274 164 
218 251 
164 164 
186 185 
164 182 
753 166 
184 200 
164 203 
166 181 
187 170 
184 186 
172 218 
185 170 
882 305 
170 172 
188 176 
166 177 
257 168 
174 168 
166 168 
181 186 
168 164 
166 163 
211 174 
164 164 
162 172 
166 170 
182 181 
182 182 
166 185 
166 188 
182 186 
180 182 
187 249 
186 181 
186 182 
166 283 
188 186 
184 182 
201 168 
180 184 
180 184 
188 182 
166 206 
170 994 
202 176 
188 182 
200 164 
166 182 
186 166 
164 184 
186 184 
185 197 
184 184 
184 212 
186 183 
162 182 
186 180 
178 170 
182 185 
217 170 
182 186 
185 184 
164 164 
182 181 
185 174 
184 187 
186 187 
166 190 
184 186 
188 184 
188 184 
188 186 
184 184 
168 186 
886 166 
186 182 
188 185 
202 166 
170 227 
209 192 
164 166 
289 166 
175 178 
168 222 
168 192 
193 279 
237 283 
168 174 
573 166 
247 229 
504 257 
202 180 
164 164 
164 180 
172 174 
182 187 
214 186 
182 187 
162 185 
269 164 
186 182 
168 184 
184 168 
175 200 
280 199 
164 881 
165 168 
166 251 
200 172 
204 164 
172 166 
186 187 
168 176 
798 166 
172 168 
168 166 
247 162 
180 170 
184 170 
166 181 
182 166 
356 188 
172 172 
186 168 
211 192 
162 178 
179 178 
183 184 
182 184 
192 188 
184 182 
182 180 
182 188 
182 186 
182 184 
182 188 
182 186 
182 188 
182 184 
184 181 
188 186 
182 186 
184 186 
180 184 
186 885 
182 180 
183 186 
189 188 
187 186 
187 184 
180 184 
186 182 
648 183 
182 184 
185 184 
178 186 
181 182 
183 186 
168 166 
185 170 
648 166 
192 186 
162 184 
166 164 
192 168 
168 166 
184 186 
201 186 
551 186 
178 170 
168 239 
164 168 
164 164 
164 168 
174 168 
184 182 
174 168 
168 188 
179 205 
184 184 
184 183 
202 202 
186 168 
203 251 
170 263 
201 202 
166 198 
185 186 
168 182 
166 168 
200 170 
174 1004 
164 187 
182 182 
180 185 
168 168 
184 184 
166 182 
166 186 
241 200 
182 185 
183 184 
180 184 
162 188 
186 182 
188 190 
182 184 
182 184 
184 186 
186 188 
182 184 
182 183 
184 185 
180 187 
184 185 
182 182 
188 186 
190 186 
186 166 
185 164 
182 162 
168 188 
795 182 
182 186 
162 186 
182 188 
184 187 
168 184 
186 186 
170 174 
923 239 
166 257 
180 202 
166 185 
166 284 
166 170 
166 166 
166 180 
186 172 
185 166 
188 188 
168 168 
185 168 
182 192 
180 184 
182 168 
164 166 
182 186 
184 188 
184 180 
183 182 
183 170 
164 168 
184 878 
166 164 
168 166 
164 166 
168 166 
162 164 
174 184 
184 188 
249 196 
166 197 
168 168 
173 168 
182 174 
168 184 
182 170 
168 172 
166 166 
185 174 
164 168 
164 168 
186 166 
239 209 
188 166 
188 171 
182 170 
166 203 
164 187 
186 182 
182 172 
168 168 
166 189 
164 166 
166 166 
186 182 
263 184 
176 166 
182 164 
170 164 
160 166 
180 178 
182 186 
196 170 
164 168 
166 213 
172 166 
253 164 
168 170 
670 202 
164 166 
184 164 
186 182 
182 185 
204 174 
162 168 
166 168 
360 168 
245 164 
166 168 
166 168 
175 243 
178 164 
174 168 
166 186 
170 166 
186 184 
186 182 
190 166 
168 164 
182 182 
184 164 
184 164 
181 184 
180 186 
180 190 
182 182 
180 200 
170 168 
215 207 
244 306 
203 166 
298 195 
168 168 
174 180 
223 376 
