45 1138 
802 932 
0 0 
423 174 
963 631 
629 1215 
0 0 
603 717 
935 826 
0 0 
1270 1419 
0 0 
395 277 
664 474 
89 456 
233 207 
698 905 
892 666 
235 210 
1273 597 
0 0 
480 297 
820 589 
25 468 
707 342 
364 901 
481 8011 
0 0 
0 0 
0 0 
0 0 
1083 773 
0 0 
552 287 
1328 794 
0 0 
684 202 
30 376 
1079 1162 
0 0 
284 352 
239 224 
298 317 
168 219 
459 419 
324 188 
26 198 
206 212 
202 160 
172 162 
198 196 
247 181 
213 191 
302 235 
27 893 
164 164 
172 173 
168 160 
176 162 
423 162 
178 176 
166 672 
29 326 
183 172 
275 255 
192 174 
172 229 
574 379 
1662 2345 
0 0 
0 0 
1563 1508 
0 0 
27 1792 
0 0 
1192 1799 
0 0 
1573 1719 
0 0 
1184 1543 
0 0 
951 575 
753 1601 
0 0 
1889 2194 
0 0 
0 0 
1452 2779 
0 0 
0 0 
26 2709 
0 0 
1265 2627 
0 0 
0 0 
0 0 
1444 1122 
0 0 
1320 2130 
0 0 
1976 2361 
0 0 
0 0 
2134 1308 
0 0 
406 300 
4067 470 
0 0 
0 0 
28 1038 
194 184 
1243 882 
0 0 
938 859 
0 0 
1583 1020 
0 0 
603 337 
720 921 
1654 1494 
0 0 
522 1328 
0 0 
1411 1129 
0 0 
1256 421 
180 392 
287 571 
770 310 
1233 1012 
0 0 
1336 949 
0 0 
861 1257 
0 0 
1377 1129 
0 0 
1328 694 
0 0 
915 970 
0 0 
686 397 
243 175 
553 785 
702 654 
773 899 
0 0 
1169 1282 
0 0 
1399 1027 
0 0 
1113 1375 
0 0 
709 458 
1278 946 
0 0 
1387 1344 
0 0 
1409 401 
0 0 
240 470 
660 428 
907 961 
0 0 
561 371 
1472 1028 
0 0 
911 864 
0 0 
1848 887 
0 0 
1214 1146 
0 0 
783 526 
470 306 
707 1000 
1046 1998 
0 0 
1276 961 
0 0 
508 413 
621 346 
243 344 
818 847 
334 302 
1996 745 
0 0 
373 575 
302 393 
779 569 
905 927 
0 0 
506 1944 
0 0 
931 1235 
0 0 
1006 785 
0 0 
290 318 
1023 456 
797 2233 
0 0 
852 773 
1463 1069 
0 0 
294 288 
504 484 
753 929 
1838 956 
0 0 
1063 964 
0 0 
718 976 
1253 941 
0 0 
1198 1116 
0 0 
0 0 
903 1198 
0 0 
1021 1055 
0 0 
468 397 
706 536 
1253 869 
0 0 
1142 785 
0 0 
332 214 
804 810 
646 554 
274 510 
797 273 
508 1343 
0 0 
563 330 
873 930 
0 0 
427 810 
166 213 
1042 1186 
0 0 
694 1506 
0 0 
1498 1176 
0 0 
1419 2077 
0 0 
1057 1413 
0 0 
324 630 
747 419 
191 235 
170 187 
615 1125 
0 0 
1328 1068 
0 0 
498 354 
642 925 
662 707 
1370 880 
0 0 
1380 1089 
0 0 
686 674 
654 872 
786 1049 
0 0 
170 188 
168 267 
917 417 
569 715 
1289 870 
0 0 
485 401 
1251 868 
0 0 
739 1417 
0 0 
1010 571 
227 190 
227 174 
200 170 
302 198 
168 164 
307 1115 
998 890 
0 0 
1053 1501 
0 0 
1110 1008 
0 0 
480 307 
1945 729 
0 0 
512 1058 
1210 630 
0 0 
743 619 
419 1261 
1508 1871 
0 0 
1044 1273 
0 0 
1870 1000 
0 0 
1206 1097 
0 0 
1168 1903 
0 0 
559 559 
632 965 
260 195 
247 204 
368 451 
862 406 
1652 899 
0 0 
1298 571 
0 0 
907 882 
0 0 
713 454 
867 897 
0 0 
976 755 
0 0 
476 344 
172 281 
176 231 
168 247 
618 338 
2211 1765 
0 0 
0 0 
400 792 
1291 1020 
0 0 
755 390 
666 443 
1217 381 
166 383 
213 488 
471 405 
296 716 
779 933 
751 223 
486 357 
1020 1071 
0 0 
613 482 
1047 1150 
0 0 
304 407 
170 166 
238 2099 
0 0 
884 368 
917 1075 
0 0 
263 269 
393 1018 
1093 1915 
0 0 
508 364 
174 197 
453 370 
1152 897 
0 0 
342 328 
340 227 
960 476 
905 913 
0 0 
555 890 
988 640 
0 0 
888 763 
391 231 
395 256 
854 884 
0 0 
642 686 
342 166 
282 193 
525 389 
621 1729 
0 0 
810 310 
382 711 
988 415 
601 864 
952 243 
245 186 
209 219 
784 848 
0 0 
593 336 
692 838 
777 362 
811 1037 
0 0 
1449 563 
0 0 
561 978 
618 401 
284 219 
166 174 
700 328 
534 935 
1510 370 
0 0 
227 186 
626 1144 
0 0 
1369 875 
0 0 
457 546 
741 723 
771 625 
749 872 
0 0 
605 349 
893 646 
559 382 
417 1741 
0 0 
612 837 
174 230 
172 221 
181 454 
532 765 
775 368 
384 1735 
0 0 
1437 878 
0 0 
705 716 
658 579 
1332 907 
0 0 
785 1093 
0 0 
690 761 
881 950 
0 0 
818 963 
0 0 
593 1681 
0 0 
706 504 
696 421 
213 356 
482 986 
1935 887 
0 0 
168 184 
806 1162 
0 0 
224 215 
388 160 
208 166 
1048 1097 
0 0 
1696 1567 
0 0 
539 367 
239 218 
278 440 
708 822 
641 707 
538 455 
1077 702 
0 0 
1103 1633 
0 0 
1158 271 
312 227 
215 439 
384 332 
1202 589 
0 0 
518 607 
793 814 
342 465 
209 664 
640 986 
1199 1433 
0 0 
930 737 
305 403 
225 210 
1052 1522 
0 0 
1332 1294 
0 0 
1071 1599 
0 0 
867 516 
458 367 
836 1666 
0 0 
965 688 
1982 648 
0 0 
273 366 
1166 1131 
0 0 
1219 2056 
0 0 
1363 1716 
0 0 
1303 1239 
0 0 
441 751 
1526 324 
0 0 
261 607 
1150 2870 
0 0 
0 0 
382 488 
710 265 
793 512 
702 1445 
0 0 
812 2272 
0 0 
1634 848 
0 0 
0 0 
396 832 
492 893 
836 320 
2745 658 
0 0 
0 0 
454 391 
223 199 
1235 862 
0 0 
812 1014 
0 0 
1057 903 
0 0 
1014 1190 
0 0 
729 422 
794 1203 
0 0 
1766 838 
0 0 
990 947 
0 0 
241 257 
269 417 
1231 871 
0 0 
1320 382 
826 1018 
0 0 
919 1255 
0 0 
983 1397 
0 0 
550 355 
1030 460 
698 271 
931 725 
0 0 
913 1543 
0 0 
794 408 
2006 1438 
0 0 
1741 1069 
0 0 
1164 1422 
0 0 
1579 816 
0 0 
2108 1072 
0 0 
838 876 
0 0 
767 681 
1405 1047 
0 0 
1105 2563 
0 0 
1083 672 
0 0 
954 308 
474 1380 
0 0 
1419 978 
0 0 
1589 808 
0 0 
1085 656 
0 0 
620 513 
749 880 
0 0 
961 1141 
0 0 
937 858 
0 0 
751 212 
